92 6.0 0.0029719626168224333
101 6.0 0.0029480973769900353
83 9.0 0.0029241986343130915
104 13.0 0.002900266341759156
23 13.0 0.002876300452229758
95 9.0 0.0028523009185603076
77 13.0 0.0028282676935200038
86 13.0 0.0028042007298117407
50 13.0 0.0027800999800720165
59 13.0 0.002755965396870838
41 37.0 0.002731796932711628
32 37.0 0.0027075945400311325
68 13.0 0.0026833581711993263
53 37.0 0.002659087778519319
62 37.0 0.002634783314227263
35 52.0 0.002610444730492257
44 52.0 0.0025860719794162535
8 52.0 0.0025616650130339635
17 52.0 0.002537223783312764
26 52.0 0.002512748242152601
80 52.0 0.0024882383413858964
89 52.0 0.002463694032777452
98 52.0 0.002439115268024357
71 52.0 0.00241450199875589
11 52.0 0.0023898541765334253
74 52.0 0.0023651717528503377
56 52.0 0.002340454679131907
38 52.0 0.0023157029067352214
29 52.0 0.002290916386949083
47 52.0 0.002266095070993911
20 52.0 0.002241238910021647
2 52.0 0.0022163478551156567
65 52.0 0.0021914218572906367
5 52.0 0.0021664608674925147
14 52.0 0.0021414648365983557
106 52.0 0.002116433715416263
46 59.0 0.002091367454685285
100 59.0 0.0020662660050753128
82 59.0 0.002041129317186988
91 59.0 0.002015957341551604
55 59.0 0.0019907500286310068
64 59.0 0.001965507328817501
73 59.0 0.0019402291924337485
58 59.0 0.0019149155697326735
67 59.0 0.0018895664108973629
85 59.0 0.0018641816660409692
94 59.0 0.001838761285206612
40 59.0 0.0018133052183672796
49 59.0 0.0017878134154257308
4 59.0 0.0017622858262143963
13 59.0 0.0017367224004952795
22 59.0 0.001711123087959858
103 103.0 0.0016854878382289852
31 103.0 0.0016598166008527896
76 103.0 0.0016341093253105768
16 103.0 0.00160836596101073
97 103.0 0.00158258645729061
7 103.0 0.0015567707634164553
79 103.0 0.0015309188285832832
88 103.0 0.0015050306019147887
70 103.0 0.001479106032463245
43 103.0 0.0014531450692094033
52 103.0 0.001427147661062392
25 103.0 0.0014011137568596167
34 103.0 0.0013750433053666589
61 103.0 0.0013489362552771757
10 103.0 0.0013227925552127982
37 103.0 0.0012966121537230314
1 103.0 0.0012703949992851516
28 103.0 0.0012441410403041062
19 103.0 0.0012178502251124115
60 103.0 0.0011915225019700514
87 103.0 0.0011651578190643753
96 103.0 0.0011387561245099962
105 103.0 0.0011123173663486884
69 103.0 0.0010858414925492858
78 103.0 0.0010593284510075792
99 103.0 0.001032778189546213
63 103.0 0.0010061906559145843
90 103.0 9.79565797788738E-4
45 103.0 9.52903562771266E-4
54 103.0 9.262038983912013E-4
72 103.0 8.99466752103918E-4
81 103.0 8.726920712910254E-4
27 103.0 8.458798032602651E-4
36 103.0 8.19029895245408E-4
9 103.0 7.921422944061497E-4
18 103.0 7.652169478280068E-4
48 103.0 7.382538025222131E-4
21 103.0 7.112528054256141E-4
57 103.0 6.842139034005643E-4
12 103.0 6.57137043234821E-4
3 103.0 6.300221716414411E-4
84 103.0 6.028692352586748E-4
102 103.0 5.756781806498612E-4
93 103.0 5.484489543033241E-4
75 103.0 5.211815026322647E-4
30 103.0 4.938757719746577E-4
39 103.0 4.665317085931451E-4
66 103.0 4.391492586749307E-4
15 103.0 4.117283683316739E-4
42 103.0 3.842689835993838E-4
51 103.0 3.5677105043831306E-4
33 103.0 3.292345147328515E-4
24 103.0 3.016593222914194E-4
6 103.0 2.7404541884636113E-4
0 103.0 2.463927500538385E-4
